demo/temp.json
{"header": {"basicAngle":0,"center":7,"discipline":0,"dx":1.0,"dy":1.0,"forecastTime":6,"genProcessType":0,"gribEdition":2,"gribLength":73669,"gridDefinitionTemplate":0,"gridUnits":"degrees","la1":90.0,"la2":-90.0,"lo1":0.0,"lo2":359.0,"numberPoints":65160,"nx":360,"ny":181,"parameterCategory":0,"parameterNumber":0,"parameterUnit":"K","productDefinitionTemplate":0,"productStatus":0,"productType":2,"refTime":"2019-10-16T00:00:00.000Z","resolution":48,"scanMode":0,"shape":6,"significanceOfRT":1,"subcenter":0,"surface1Type":103,"surface1Value":2.0,"surface2Type":255,"surface2Value":0.0}, "data":
[rows 135 to 161 of 181, columns 122 to 182 of 360]
281.59567,280.8957,280.87567,280.7357,280.6157,280.57568,280.35568,280.09567,279.37567,279.4257,279.7957,280.12567,280.4957,281.7057,282.3957,282.7057,282.9257,283.09567,283.2957,283.25568,283.25568,283.2157,283.35568,283.41568,283.37567,283.69568,283.8657,284.12567,283.9257,283.8657,283.87567,284.00568,283.5157,283.22568,283.15567,283.2657,283.12567,282.65567,282.31567,282.2357,282.3357,282.4257,282.8957,284.18567,284.78568,282.93567,280.0457,281.75568,284.1757,283.62567,282.7457,282.0857,281.8957,281.5457,281.4657,281.7457,282.5257,283.18567,283.5457,283.2357,283.07568
281.63568,280.7957,280.75568,280.5457,280.2457,280.3057,279.90567,279.5857,278.9557,279.06567,279.15567,279.2957,279.8357,280.43567,281.2957,282.35568,282.47568,282.63568,282.6757,282.8657,282.9957,282.91568,282.87567,283.1157,283.0257,283.0257,283.3957,283.60568,283.3657,283.1457,283.34567,283.37567,282.9557,282.9557,282.78568,282.5457,282.65567,282.2357,281.93567,281.7057,281.5157,281.4957,282.34567,283.7657,283.87567,281.59567,285.9957,286.7657,284.7657,282.7657,281.9957,281.94568,281.6157,281.5157,281.31567,281.38568,281.8057,282.3957,282.5457,282.50568,282.4957
281.32568,280.84567,280.66568,280.50568,280.13568,279.8357,279.40567,278.4957,278.5557,278.75568,278.8657,278.87567,278.91568,279.2057,279.7657,279.63568,282.0157,281.9257,282.0157,282.19568,282.3057,282.2157,282.0157,282.3657,282.5857,282.4957,282.81567,282.88568,283.0257,282.85568,282.6157,282.7057,282.72568,282.50568,282.4257,282.22568,281.65567,281.34567,281.34567,281.2357,281.18567,281.1457,281.6757,283.4557,283.32568,283.4957,282.8057,283.9557,282.7057,281.7357,281.5557,281.38568,281.1757,280.78568,280.7357,280.75568,280.97568,281.22568,281.15567,281.2157,281.5457
280.53568,280.65567,280.37567,280.15567,279.7657,279.4957,278.9657,278.00568,278.1157,278.3657,278.66568,278.5557,278.41568,278.47568,278.53568,278.7457,278.72568,279.22568,281.50568,281.59567,281.59567,281.7057,281.7957,281.93567,282.10568,281.7657,281.56567,281.7057,282.0257,282.25568,282.2457,282.15567,282.2757,282.16568,282.00568,281.7757,281.4957,281.2457,281.0457,280.93567,280.9557,280.7657,281.32568,281.10568,281.84567,282.9257,283.18567,282.6457,282.03568,281.38568,281.25568,280.9557,280.7157,280.60568,280.4957,280.59567,280.53568,280.5857,280.4257,280.4957,281.2757
279.63568,279.4857,279.5257,279.28568,279.2057,279.1157,278.47568,277.94568,277.93567,278.15567,278.2457,278.19568,278.34567,278.12567,278.0257,278.09567,278.40567,278.9557,278.7657,278.5157,281.03568,281.5857,281.43567,281.35568,281.5157,281.56567,281.56567,281.47568,281.5457,281.6757,281.57568,281.7057,281.81567,281.82568,281.68567,281.57568,281.5557,281.3957,280.9657,280.78568,280.7357,280.5157,280.81567,281.0157,281.37567,282.13568,282.1157,281.7157,281.8057,281.12567,280.7757,280.57568,280.3357,280.2757,280.4257,280.38568,280.4857,280.50568,280.57568,280.85568,281.28568
278.7357,278.28568,278.4957,278.5557,278.4857,278.2457,277.69568,277.40567,277.28568,277.69568,277.91568,277.88568,277.7157,277.4957,277.6457,277.8957,278.1757,278.12567,277.90567,278.2957,278.2357,278.19568,278.69568,281.03568,281.1457,281.32568,281.28568,281.0857,281.09567,281.10568,281.1457,281.38568,281.5457,281.78568,281.5457,281.44568,281.2457,281.22568,281.1457,280.6457,280.6157,280.6457,280.7757,280.7357,281.16568,281.12567,281.5857,281.07568,281.19568,280.65567,280.28568,280.2657,280.16568,280.1157,280.1157,280.2657,280.22568,280.2157,280.2157,280.34567,280.78568
278.32568,277.5457,277.32568,277.9557,277.7957,277.63568,277.06567,276.5857,276.40567,276.90567,277.34567,277.2957,276.9557,276.6757,276.7657,277.0157,277.32568,277.7357,277.94568,277.8957,277.97568,278.31567,278.5557,278.93567,278.57568,281.09567,280.87567,280.7157,280.72568,280.78568,280.93567,281.16568,281.06567,281.10568,281.1757,281.2157,281.13568,280.9957,280.87567,280.90567,280.50568,280.4657,280.5257,280.35568,279.47568,280.0857,280.1157,280.2657,280.2057,279.7757,279.91568,279.9957,279.84567,279.7057,279.53568,279.41568,279.5857,279.7657,279.9857,280.12567,280.40567
277.69568,276.75568,276.09567,276.7157,276.9857,276.90567,276.5257,275.9657,275.7357,276.1457,276.5257,276.6157,276.41568,276.43567,276.5457,276.44568,276.5257,276.85568,277.09567,277.2357,277.41568,277.4257,277.2957,277.1457,276.78568,277.2057,280.91568,280.90567,280.7357,280.57568,280.43567,280.44568,280.50568,280.7357,280.9557,280.8357,280.7757,280.6757,280.65567,280.63568,280.44568,280.2457,280.35568,280.2357,280.31567,279.97568,279.66568,279.81567,279.65567,279.59567,279.63568,279.91568,279.75568,279.5457,279.12567,279.1757,279.28568,279.13568,279.2357,279.6757,279.9557
276.6457,275.9657,275.4257,275.0157,275.7757,276.00568,276.0557,276.1157,276.0257,275.9657,276.13568,275.94568,275.8057,275.82568,275.8657,275.72568,275.7457,275.8657,276.00568,275.66568,275.72568,276.00568,276.2757,276.37567,276.2357,276.10568,277.6457,280.37567,280.37567,280.13568,279.9957,280.07568,280.3957,280.40567,279.9957,279.63568,279.35568,279.2457,279.82568,280.2457,280.3057,280.2957,280.25568,280.18567,280.1157,280.06567,279.9557,279.78568,279.65567,279.65567,279.68567,279.68567,279.41568,278.9257,278.65567,278.85568,278.8657,278.7657,278.84567,278.9957,279.2757
275.1757,275.13568,275.0557,274.65567,274.4657,275.25568,275.32568,275.40567,275.4957,275.3357,275.44568,275.28568,275.32568,275.32568,275.0157,274.87567,274.9657,275.19568,275.35568,275.0857,275.07568,275.22568,275.22568,275.22568,275.1157,274.87567,275.09567,277.53568,278.93567,278.7357,278.72568,279.0457,279.65567,279.94568,279.5257,278.91568,278.5857,278.3957,278.8957,279.78568,280.1457,280.22568,280.2457,280.2057,280.1757,279.94568,279.7757,279.75568,279.7357,279.4657,279.09567,278.9257,278.5457,278.3357,278.35568,278.53568,278.68567,278.7757,278.7757,278.7657,278.91568
274.1757,274.2357,274.12567,274.07568,273.90567,273.7057,273.7957,274.06567,274.68567,274.53568,274.35568,274.47568,274.4957,274.6757,274.43567,274.40567,274.2457,274.2657,274.15567,274.37567,274.44568,274.5257,274.5557,274.50568,274.31567,273.75568,273.68567,275.75568,277.9257,278.1157,277.93567,278.12567,278.4957,278.8357,278.88568,278.65567,278.2657,278.13568,278.07568,278.44568,279.07568,279.50568,279.85568,279.94568,279.7657,279.62567,279.43567,279.28568,279.0157,278.72568,278.66568,278.43567,277.9957,278.1757,278.5257,278.68567,278.7357,278.72568,278.53568,278.50568,278.63568
273.5157,273.37567,273.06567,273.4257,273.5257,273.5457,273.4957,273.5157,273.4957,273.6457,273.9557,273.91568,273.7657,273.97568,273.7957,273.5857,273.31567,273.4657,273.5157,273.7957,273.97568,273.9657,273.9857,274.1457,274.0557,273.2157,272.53568,274.2957,276.3957,277.5557,277.31567,277.06567,277.28568,277.7657,278.25568,278.28568,277.85568,277.40567,277.5157,278.06567,278.22568,278.40567,278.56567,278.7157,278.63568,278.5557,278.5157,278.3357,277.97568,277.9857,278.1757,278.35568,278.3957,278.5157,278.13568,277.85568,278.2157,278.4957,278.5157,278.38568,278.31567
272.7657,272.59567,272.5557,272.6757,273.00568,272.7357,273.1457,272.9557,273.16568,273.25568,273.3057,273.3357,273.4957,273.15567,272.69568,272.7057,272.7457,273.2057,273.5157,273.7357,274.00568,274.0157,273.8657,273.75568,273.72568,272.9857,271.6457,272.93567,275.10568,276.15567,275.88568,275.59567,275.6157,276.16568,276.2657,276.81567,276.94568,277.03568,276.94568,276.75568,276.4657,276.78568,277.35568,277.59567,277.5557,277.4857,277.60568,277.7057,277.57568,277.60568,277.8057,277.9557,278.00568,278.0457,277.93567,277.90567,277.8957,277.8057,277.65567,278.1157,278.2657
272.2057,272.2457,272.2957,272.43567,272.4557,272.3957,272.66568,272.12567,272.44568,272.47568,272.4657,272.57568,272.18567,271.90567,271.84567,272.25568,272.93567,273.4657,273.8657,273.94568,273.9557,273.9557,273.75568,273.59567,273.5457,273.06567,272.19568,271.5257,272.6757,274.0557,274.5557,274.7757,275.0857,275.19568,275.22568,275.38568,276.12567,276.40567,276.00568,275.66568,275.5257,275.9257,276.44568,276.85568,277.09567,277.12567,277.16568,277.28568,277.40567,277.47568,277.4857,277.56567,277.4957,277.44568,277.4657,277.40567,277.19568,277.10568,277.10568,277.41568,277.7457
271.6757,271.2957,271.7057,271.7457,271.8657,272.1457,272.15567,271.9857,271.69568,271.94568,271.6757,271.2057,271.18567,271.4957,271.4957,272.6457,273.0557,273.38568,273.32568,273.22568,273.3357,273.3357,273.3057,273.35568,273.3957,273.06567,272.37567,271.9857,271.6757,271.7657,272.1757,272.5157,273.18567,273.9857,274.2057,274.5457,275.0857,275.5857,275.03568,275.0257,275.2457,275.5257,275.62567,275.81567,276.07568,276.2657,276.4557,276.72568,276.87567,276.88568,276.8957,276.9957,276.90567,276.69568,276.82568,277.0257,277.07568,277.00568,276.69568,276.40567,276.3957
269.34567,269.4257,269.91568,270.03568,270.0857,270.41568,270.5857,270.7457,270.43567,270.12567,270.3957,270.66568,270.9257,271.50568,271.5857,272.2757,272.5557,272.53568,272.4557,272.22568,272.28568,272.84567,272.9557,273.15567,273.0457,272.91568,272.31567,272.09567,272.0457,272.0457,272.0857,272.1157,272.2657,272.62567,272.84567,273.12567,273.6157,273.9257,273.81567,273.6757,274.03568,274.5857,274.82568,274.8057,274.88568,275.00568,275.31567,275.62567,275.7757,275.94568,276.0557,276.09567,276.00568,275.84567,275.5457,275.8057,275.7757,275.75568,275.57568,275.41568,275.57568
267.57568,267.94568,267.88568,268.09567,268.0557,268.3357,268.63568,269.10568,269.56567,269.2057,269.7457,269.8957,270.1757,270.5257,271.4857,272.0857,271.7357,271.4257,271.50568,271.57568,271.63568,271.91568,272.32568,272.5557,272.50568,272.5157,272.47568,272.3657,272.32568,272.3357,272.2157,272.19568,272.18567,272.22568,272.2157,272.59567,272.68567,272.63568,272.41568,272.4957,272.91568,273.03568,273.18567,273.5557,273.69568,273.8957,274.19568,274.5157,274.82568,275.12567,275.4257,275.4657,275.2157,275.03568,274.94568,274.88568,274.85568,274.78568,274.63568,274.6457,274.84567
265.2057,265.5457,266.7657,267.25568,267.87567,267.91568,267.94568,268.2657,268.4957,268.88568,269.0157,269.2057,269.43567,270.38568,271.10568,270.53568,269.4657,269.12567,269.2057,269.2057,269.37567,269.8657,270.72568,271.5857,271.9657,272.2657,272.28568,272.4657,272.4257,272.37567,272.60568,272.40567,272.2757,272.3057,272.2157,272.18567,272.22568,272.28568,272.41568,272.4557,272.3057,272.4257,272.47568,272.3957,272.4957,272.63568,272.7957,273.06567,273.5857,274.19568,274.3057,274.28568,274.7157,274.68567,274.41568,274.4857,274.40567,274.44568,274.2357,274.2957,274.28568
265.75568,265.44568,265.50568,264.60568,265.75568,266.3057,266.78568,266.8057,266.94568,266.9657,267.2757,268.16568,268.84567,269.8957,268.1157,266.7157,265.9957,265.3357,265.4857,265.9657,265.82568,266.18567,267.10568,268.4257,269.5157,271.0257,271.7757,272.07568,272.47568,272.32568,272.34567,272.35568,272.19568,272.40567,272.28568,272.03568,272.2957,272.38568,272.22568,272.3657,272.41568,272.40567,272.3057,272.34567,272.47568,272.56567,272.7157,272.7757,272.7157,272.6457,272.8357,272.7757,272.63568,272.6157,272.63568,272.8957,272.82568,272.87567,272.8057,273.5457,273.6457
262.7357,263.2357,263.3057,263.2957,264.5557,264.8057,264.3657,263.7357,263.1757,263.75568,264.2057,263.0157,262.44568,261.66568,261.3657,261.3657,261.7957,261.68567,261.68567,261.8357,262.4857,262.50568,263.4557,264.2357,265.43567,267.66568,270.43567,271.31567,272.4957,272.5557,272.22568,272.06567,272.2757,272.40567,272.63568,271.9257,272.2057,272.3657,272.5257,272.56567,272.35568,271.72568,272.3357,272.35568,272.69568,272.4257,272.2757,272.1757,272.3657,272.78568,272.31567,271.9257,272.2057,272.15567,272.1757,272.0457,271.8057,271.4857,271.5557,271.81567,272.0557
261.85568,261.82568,261.8957,261.94568,261.8357,261.57568,261.2957,261.03568,260.7657,260.5457,260.25568,260.07568,259.88568,259.2157,258.8657,258.82568,258.93567,258.8957,258.65567,258.68567,259.9657,260.38568,260.38568,260.66568,261.13568,261.5857,262.41568,263.03568,263.68567,264.2957,264.68567,265.1457,265.15567,265.44568,265.50568,266.0457,266.87567,268.2157,268.16568,269.3957,271.4957,272.1757,272.41568,272.34567,271.7057,272.0157,271.9957,271.4857,271.2157,271.2157,271.69568,271.47568,271.15567,271.3657,271.7957,271.8957,271.72568,271.62567,271.60568,271.41568,271.62567
261.1457,261.10568,261.2657,261.2657,261.00568,260.9657,261.12567,261.31567,261.1157,261.10568,261.15567,261.0457,261.18567,259.8057,259.81567,259.65567,259.40567,259.2057,259.4257,258.25568,258.72568,258.1457,257.93567,259.4257,260.16568,259.7357,259.5157,259.97568,260.2457,260.4657,260.5257,260.3357,260.2457,260.0457,260.12567,260.28568,260.59567,260.9857,261.09567,261.34567,261.4657,262.82568,263.60568,263.7057,263.9857,264.35568,264.93567,265.3957,265.60568,266.0257,266.62567,267.1757,267.8357,268.7957,269.2757,270.3957,271.18567,271.38568,271.57568,271.4957,271.34567
260.8657,259.2357,258.88568,257.28568,254.70569,259.4857,262.1157,263.35568,260.9957,255.34569,254.19568,253.00568,255.14569,254.13568,254.20569,254.04568,254.39569,254.16568,254.92569,255.25568,254.96568,256.69568,257.19568,257.75568,256.81567,258.41568,259.2457,257.91568,258.1757,257.9557,258.06567,258.43567,258.60568,258.7757,258.57568,258.56567,258.82568,258.7457,258.84567,259.13568,259.7457,259.7957,260.4257,260.93567,260.53568,260.56567,260.5557,260.5857,260.63568,260.7357,260.9557,261.13568,261.3957,261.8357,262.3357,262.84567,263.6157,264.2757,265.47568,266.38568,267.5157
252.41568,251.56569,250.32568,250.08568,251.00568,252.06569,252.49568,252.67569,252.66568,252.20569,250.68568,249.16568,248.80568,248.96568,248.84569,248.33568,247.70569,247.81569,248.45569,249.64569,250.01569,252.45569,254.79568,251.17569,250.53569,255.60568,255.92569,257.15567,257.25568,256.69568,257.53568,257.90567,256.87567,255.88568,255.89569,255.79568,255.38568,255.74568,256.18567,257.03568,258.31567,258.56567,257.44568,256.93567,256.44568,256.19568,255.85568,255.65569,255.45569,255.62569,255.80568,256.7057,257.07568,257.40567,257.9657,258.1757,258.6757,259.44568,259.8057,260.53568,260.8357
249.51569,248.97568,247.96568,247.16568,247.03569,247.17569,247.16568,247.21568,246.79568,246.29568,244.60568,243.55568,241.83568,241.87569,243.29568,243.89569,243.48569,243.58568,243.96568,244.43568,244.79568,245.42569,245.93568,246.05568,247.62569,247.71568,247.56569,247.08568,247.85568,250.52568,251.81569,252.13568,251.77568,251.76569,253.04568,256.28568,255.97568,256.34567,255.44568,255.36568,255.68568,256.4957,255.45569,254.55568,254.31569,254.65569,254.29568,253.89569,253.55568,253.16568,253.19568,252.79568,252.51569,252.43568,252.14569,252.53569,252.57568,253.09569,253.90569,254.81569,255.79568
246.50568,245.79568,244.75568,243.86568,243.18568,243.01569,243.58568,243.73569,243.35568,242.59569,241.91568,240.43568,239.06569,239.26569,239.14569,238.80568,238.68568,238.47568,238.72568,239.06569,240.27568,241.40569,242.01569,242.56569,242.97568,242.94568,242.98569,243.40569,244.13568,244.41568,245.52568,246.43568,245.87569,245.83568,246.35568,247.04568,247.74568,246.85568,249.80568,253.67569,253.25568,254.02568,254.92569,255.05568,254.74568,254.01569,253.44568,253.50568,253.09569,254.02568,253.71568,254.49568,255.13568,252.77568,251.89569,250.74568,250.35568,250.00568,250.48569,250.96568,251.81569
243.52568,243.09569,242.20569,241.53569,240.93568,240.21568,239.73569,239.38568,239.04568,238.80568,238.23569,237.75568,237.66568,238.02568,237.88568,237.16568,236.87569,236.91568,237.22568,237.72568,238.48569,238.81569,239.11568,239.42569,239.49568,239.51569,239.61568,239.53569,239.38568,239.45569,239.62569,239.56569,239.47568,239.41568,239.52568,239.95569,240.57568,242.33568,245.99568,248.73569,251.37569,246.22568,249.57568,247.00568,245.34569,247.26569,251.41568,253.32568,253.17569,254.15569,254.96568,255.56569,253.28569,252.76569,251.85568,251.00568,250.20569,250.10568,250.31569,251.02568,252.08568
