demo/temp.json
{"header": {"basicAngle":0,"center":7,"discipline":0,"dx":1.0,"dy":1.0,"forecastTime":6,"genProcessType":0,"gribEdition":2,"gribLength":73669,"gridDefinitionTemplate":0,"gridUnits":"degrees","la1":90.0,"la2":-90.0,"lo1":0.0,"lo2":359.0,"numberPoints":65160,"nx":360,"ny":181,"parameterCategory":0,"parameterNumber":0,"parameterUnit":"K","productDefinitionTemplate":0,"productStatus":0,"productType":2,"refTime":"2019-10-16T00:00:00.000Z","resolution":48,"scanMode":0,"shape":6,"significanceOfRT":1,"subcenter":0,"surface1Type":103,"surface1Value":2.0,"surface2Type":255,"surface2Value":0.0}, "data":
[rows 108 to 134 of 181, columns 244 to 304 of 360]
295.8657,295.8957,295.72568,295.57568,295.3357,295.07568,294.6757,294.56567,294.47568,294.09567,293.93567,294.00568,293.9557,293.6157,293.4957,293.38568,293.5857,292.8357,293.2357,292.50568,292.2057,291.75568,291.7657,291.6757,291.50568,291.35568,291.25568,291.15567,291.15567,291.2657,291.0857,290.91568,290.85568,290.7957,290.7157,290.5157,290.1757,289.78568,289.4557,289.7357,289.90567,290.1757,290.4257,290.6757,290.7957,290.44568,285.6457,276.28568,281.3657,281.0557,285.9257,287.3957,285.8357,291.0557,290.3057,289.9257,290.0557,289.94568,293.2657,294.88568,296.37567
295.41568,295.25568,295.28568,295.3957,295.15567,294.84567,294.68567,294.4257,294.2357,293.7757,293.78568,294.15567,293.69568,293.7057,293.68567,293.12567,292.84567,292.66568,293.0257,292.40567,291.9957,291.66568,291.3957,291.35568,291.3357,291.22568,291.2457,291.0457,290.94568,290.93567,290.91568,290.78568,290.69568,290.7957,290.8357,290.65567,290.4857,290.06567,289.66568,289.4857,289.50568,289.7957,289.68567,290.03568,290.3957,290.53568,284.8657,274.7957,282.0257,283.1157,279.60568,285.43567,286.2657,291.22568,289.84567,288.4957,289.62567,291.2157,292.2957,294.2157,294.87567
294.9857,294.94568,294.8357,294.8657,294.7057,294.34567,294.1157,293.90567,294.0457,293.78568,293.50568,293.3057,293.35568,293.72568,293.6457,293.15567,292.7457,292.40567,292.88568,292.47568,292.1157,291.69568,291.44568,291.2657,291.22568,291.0557,291.0457,290.9257,290.88568,290.87567,290.84567,290.7057,290.68567,290.8357,290.78568,290.6757,290.6157,290.3957,289.85568,289.5157,289.40567,289.31567,289.3357,289.4257,289.5557,289.8957,283.4957,274.72568,277.4257,278.8957,283.7657,283.8357,285.19568,288.87567,289.59567,290.37567,290.32568,290.4857,291.41568,292.31567,294.90567
294.5457,294.2957,294.50568,294.2157,294.1157,293.68567,293.56567,293.22568,293.4657,293.34567,293.4857,293.19568,293.0557,293.1157,293.0457,292.7657,292.7757,292.5157,292.34567,292.4257,292.0257,291.7157,291.38568,291.22568,291.09567,290.97568,290.91568,290.81567,290.72568,290.7157,290.72568,290.8357,290.7957,290.7957,290.87567,290.81567,290.69568,290.4257,289.94568,289.5157,289.3357,289.19568,289.16568,289.0557,289.18567,289.44568,282.8057,276.8657,272.75568,273.68567,279.7457,284.03568,287.1457,287.8357,288.2357,289.9557,290.9957,290.28568,291.00568,291.9657,293.06567
294.28568,294.13568,293.9557,293.85568,293.56567,293.44568,293.2157,293.22568,292.7057,292.6157,292.7457,292.9257,292.94568,292.8357,292.6757,292.69568,292.9557,292.6157,292.2757,292.1157,291.97568,291.69568,291.43567,291.25568,291.2057,290.97568,290.81567,290.7357,290.5157,290.4857,290.5457,290.66568,290.8957,290.7957,290.7757,290.8057,290.6457,290.3657,289.8657,289.41568,289.19568,289.09567,289.0557,289.0857,288.85568,289.09567,284.4857,276.3957,272.3657,271.5857,279.4257,282.15567,281.8057,287.78568,286.19568,287.8057,289.43567,290.4257,290.7757,290.0557,292.22568
293.94568,293.9857,293.7957,293.5257,293.37567,293.2957,293.2757,292.8057,292.2457,291.9657,291.78568,291.90567,292.2157,292.03568,291.9557,292.16568,292.32568,292.2757,292.28568,291.7157,291.84567,291.7057,291.7157,291.8057,291.37567,291.1757,290.97568,290.75568,290.4957,290.34567,290.3957,290.43567,290.7357,290.69568,290.56567,290.4257,290.41568,290.2057,289.65567,289.22568,288.8357,288.82568,288.8657,288.7657,288.72568,288.81567,282.3957,281.15567,279.1157,271.68567,280.72568,280.2457,286.44568,287.44568,285.5257,286.47568,288.62567,289.7957,290.5857,290.1757,291.13568
293.5557,293.4257,293.5157,293.50568,293.2757,292.87567,292.87567,292.63568,292.35568,292.06567,291.4657,291.5157,291.37567,291.4557,291.4557,291.3357,291.31567,291.2757,291.22568,290.9957,290.9857,291.09567,291.60568,291.7357,291.90567,291.34567,291.0857,290.87567,290.4857,290.2357,290.2957,290.3057,290.40567,290.50568,290.38568,289.9957,289.8057,289.65567,289.4257,289.1157,288.5257,288.4557,288.4257,288.4557,288.50568,288.59567,283.0457,280.0157,275.9257,276.7357,277.38568,283.0857,285.9557,286.60568,285.03568,286.28568,287.9857,289.06567,290.66568,291.2457,291.6457
293.1457,293.40567,293.00568,293.03568,292.90567,292.38568,292.2157,292.03568,291.8057,291.8957,291.85568,291.72568,291.6157,291.16568,291.09567,291.1757,290.9857,290.8057,290.7057,290.5857,290.4557,290.28568,290.5557,290.81567,290.91568,291.09567,291.0157,290.84567,290.40567,290.00568,290.0457,290.0457,289.82568,289.69568,289.8657,289.6457,289.31567,289.13568,288.97568,288.63568,288.16568,287.5857,287.9557,287.97568,288.12567,288.16568,284.0857,275.7157,276.91568,276.19568,282.2057,281.3057,284.4657,285.0157,284.5157,285.66568,287.16568,289.3057,288.8657,290.22568,291.2957
292.87567,292.50568,292.6757,292.7657,292.4557,292.10568,291.84567,291.4557,291.35568,291.0557,291.0557,291.3057,291.18567,290.93567,290.7957,290.9957,290.9657,290.97568,291.07568,290.66568,290.4657,290.3657,290.2657,290.18567,290.3657,290.4857,290.7457,290.7157,290.2657,290.0557,289.93567,289.69568,289.3357,289.13568,289.15567,289.18567,288.7457,288.4957,288.2957,288.0257,287.75568,287.19568,287.2657,287.3957,287.5457,287.72568,282.13568,273.7657,276.7957,266.6757,280.9257,279.0557,284.00568,283.66568,283.7057,284.6157,286.66568,288.4257,289.18567,289.3057,290.69568
292.57568,292.15567,291.93567,291.75568,291.60568,291.43567,291.56567,291.18567,291.0857,290.8057,290.69568,290.6157,290.7957,291.03568,290.68567,290.44568,290.3657,290.2057,290.13568,290.09567,290.19568,290.09567,290.07568,290.07568,289.82568,290.15567,290.62567,290.60568,289.88568,289.8657,289.62567,289.34567,289.0457,288.93567,288.8057,288.7057,288.19568,288.2357,287.90567,287.2957,287.1457,287.00568,286.63568,286.7357,287.0157,286.9857,281.3357,271.0257,272.87567,280.2057,277.65567,281.75568,283.5457,283.2757,282.63568,284.16568,286.4957,287.9257,289.22568,289.4957,291.00568
292.0257,291.82568,291.28568,291.2157,290.87567,290.57568,289.9557,289.9557,290.0557,290.12567,290.15567,290.09567,290.2957,290.2457,290.19568,290.10568,290.0257,289.8957,290.0157,289.8057,289.63568,289.3357,289.5157,289.7757,289.5557,289.6757,290.35568,290.12567,289.97568,289.7757,289.0557,289.00568,288.5257,288.66568,288.35568,287.65567,287.5157,287.8957,287.3657,287.16568,286.8957,286.5557,286.1757,286.3957,286.5157,280.7757,279.5557,261.09567,277.32568,282.5157,276.97568,281.90567,283.18567,283.50568,283.1757,284.5257,286.44568,287.81567,288.66568,290.5257,289.0557
291.38568,291.0157,290.81567,290.57568,290.7457,289.97568,289.5857,289.2057,289.09567,289.13568,289.0257,289.3057,289.28568,289.2957,289.3357,289.43567,289.0857,289.3057,289.1157,289.1757,289.41568,289.15567,289.03568,289.3657,289.25568,289.31567,289.7757,289.72568,289.2457,288.82568,288.10568,287.84567,287.8657,287.5457,287.22568,287.4957,287.18567,287.7457,287.06567,286.8957,286.18567,286.2357,286.06567,286.2457,286.3657,280.00568,273.28568,273.56567,276.68567,276.9957,286.40567,284.34567,284.9857,282.88568,283.16568,284.5157,286.1457,287.87567,288.32568,288.1157,288.7357
290.62567,290.1457,289.8657,289.7357,289.38568,288.97568,288.68567,288.5557,288.47568,288.25568,288.09567,288.13568,287.97568,287.91568,288.16568,288.07568,288.2157,288.07568,288.13568,288.4557,288.66568,288.66568,289.07568,288.9957,289.06567,289.0257,289.15567,289.3657,288.60568,288.2057,287.7357,287.44568,287.4657,287.3357,286.9957,287.1457,287.2057,287.12567,286.97568,286.63568,286.3357,285.9857,285.7957,286.13568,286.18567,278.50568,265.5257,274.19568,280.2357,284.0557,284.5857,286.1757,279.4957,282.8957,283.4857,284.9957,286.8657,287.15567,287.6457,287.85568,287.3657
289.93567,289.53568,289.03568,288.7057,288.3957,288.4257,288.31567,287.7457,287.4557,287.35568,287.2757,287.5257,287.2657,287.2157,287.4257,287.43567,287.56567,288.00568,287.5557,288.03568,287.57568,287.9857,288.3357,288.38568,288.66568,288.6157,288.47568,288.85568,288.4257,287.47568,287.3657,287.37567,287.13568,287.35568,287.18567,287.2757,286.8057,287.13568,286.6157,286.25568,285.9657,285.62567,285.65567,285.82568,285.85568,280.9257,267.19568,274.25568,284.69568,285.25568,285.69568,283.60568,282.32568,282.50568,283.40567,285.2457,286.2357,286.2157,286.7457,286.6457,286.16568
289.81567,289.13568,288.8957,288.4957,288.0457,288.0157,287.81567,287.62567,287.4557,286.97568,286.75568,287.1157,287.4857,287.41568,287.40567,287.4257,287.37567,287.5257,287.4957,287.50568,287.47568,287.7157,288.03568,288.1757,288.2157,288.34567,288.13568,288.10568,288.16568,287.47568,287.10568,286.90567,287.07568,286.8957,287.07568,287.0457,286.69568,286.3357,286.15567,285.8357,285.6757,285.4957,285.43567,285.59567,285.7057,281.63568,264.65567,273.5257,284.59567,285.22568,287.5157,277.8057,281.90567,281.8357,283.9257,285.34567,284.87567,285.32568,285.8657,285.59567,285.4557
288.7357,288.32568,288.0557,288.07568,288.06567,287.91568,287.97568,287.85568,287.69568,286.90567,286.4957,286.78568,286.7657,287.5457,287.5557,287.6757,287.5157,287.22568,287.78568,287.0857,287.07568,287.10568,287.2157,287.59567,287.68567,288.18567,287.87567,287.7357,287.4257,287.43567,286.7757,286.53568,286.57568,286.06567,286.8057,286.43567,286.13568,285.84567,285.5457,285.07568,285.40567,285.32568,285.1757,285.35568,285.44568,279.2457,263.3957,278.3357,282.9257,284.1157,280.47568,277.57568,280.9657,282.2157,283.9857,284.90567,284.59567,284.2657,284.84567,285.0457,285.50568
288.3657,287.9257,287.5557,287.5457,287.6457,287.85568,287.5857,287.06567,286.88568,286.9657,286.8957,286.75568,286.7457,286.72568,286.78568,287.06567,287.16568,287.10568,287.0257,286.78568,286.7957,286.69568,286.63568,287.18567,287.2057,287.16568,287.18567,287.41568,287.59567,287.2057,286.2457,285.87567,285.8657,285.6757,286.0157,285.7657,284.9857,284.9257,285.16568,284.60568,284.81567,284.8657,284.88568,285.09567,284.35568,281.2957,266.66568,277.5257,282.07568,281.59567,278.84567,280.2357,281.34567,282.7457,283.2657,284.0157,284.3057,284.2657,284.2757,283.6757,285.10568
288.06567,287.93567,287.69568,287.66568,287.84567,287.44568,287.5857,287.3057,286.90567,286.9657,286.7957,286.7157,286.53568,286.44568,286.3657,286.37567,287.00568,286.2757,286.69568,286.5457,286.3957,286.16568,286.44568,286.66568,286.84567,286.7457,286.7157,286.84567,287.5157,287.0857,286.32568,285.7357,285.32568,285.3057,284.97568,284.7457,284.5257,284.3057,284.4257,284.28568,284.44568,284.69568,284.7057,284.7957,279.32568,281.4657,268.2157,277.16568,280.6457,280.4557,280.53568,280.3057,281.4257,282.22568,282.60568,283.12567,283.6457,283.97568,285.43567,287.7357,287.5257
287.6457,287.41568,287.3957,287.47568,287.4857,287.35568,287.15567,286.8957,286.72568,286.7357,286.7657,286.9957,286.75568,286.8957,286.8657,286.66568,286.28568,286.34567,286.22568,286.06567,286.22568,286.2657,285.9657,285.9657,286.3057,286.37567,286.40567,286.3657,286.7457,286.35568,285.1157,284.7757,284.8357,284.7457,284.35568,283.84567,283.66568,284.09567,283.94568,284.10568,283.8657,284.12567,284.3657,284.3057,279.5257,275.2757,272.1157,276.5857,277.9857,279.60568,280.4957,280.07568,280.66568,281.4257,282.1757,282.1157,282.19568,282.56567,283.4957,286.13568,285.85568
287.10568,287.06567,286.9657,286.81567,286.7957,286.9857,287.28568,287.22568,286.81567,286.8357,286.97568,286.68567,286.44568,286.5257,286.60568,286.56567,286.50568,286.2957,285.9957,285.78568,285.7457,285.87567,286.0157,285.81567,285.7357,286.0857,286.03568,285.88568,286.32568,285.19568,284.59567,284.09567,284.12567,283.90567,282.91568,282.91568,283.06567,283.44568,283.66568,283.8057,283.8657,284.0157,284.16568,278.22568,278.7157,273.6157,274.66568,277.9857,279.31567,279.1157,280.88568,279.66568,280.8057,279.68567,279.0257,280.75568,280.35568,281.00568,281.8957,282.53568,284.32568
287.13568,286.68567,286.65567,286.78568,286.7657,286.59567,286.78568,286.7057,286.25568,286.19568,286.4657,286.32568,286.0257,285.81567,285.62567,285.62567,285.78568,285.90567,285.82568,285.7757,285.7757,285.1757,285.56567,285.5557,285.16568,285.19568,285.28568,285.22568,285.60568,284.7157,283.9957,283.2157,283.44568,282.9857,282.7157,282.6457,283.0557,282.9957,283.8657,283.9957,284.00568,284.85568,284.2157,279.9257,278.09567,272.66568,279.43567,282.9557,280.0257,278.31567,280.85568,280.50568,280.5257,278.6757,278.94568,280.0257,278.72568,280.50568,280.84567,283.19568,282.10568
286.31567,286.57568,286.4257,286.2157,286.19568,286.2157,286.2157,286.1157,285.66568,285.40567,285.2157,284.8357,284.66568,284.41568,284.3357,284.2457,284.5457,284.9957,285.18567,285.10568,285.13568,285.0157,284.7457,284.7657,284.7657,284.7057,284.78568,284.72568,284.88568,284.4257,283.6757,282.5457,283.06567,282.5257,282.19568,282.65567,282.9557,283.47568,283.59567,283.8957,284.15567,284.31567,284.3357,282.18567,275.94568,273.1757,277.5157,277.97568,279.63568,279.94568,279.78568,278.68567,278.00568,277.94568,280.41568,280.09567,281.28568,282.0257,282.18567,281.8357,280.9857
285.68567,285.4257,285.3357,285.50568,285.7457,285.6457,285.5457,285.4957,285.1457,284.47568,283.94568,283.7957,283.82568,283.78568,283.5457,283.57568,283.63568,283.72568,283.5857,283.87567,284.4657,284.4957,284.3657,284.3657,284.5157,284.2757,284.40567,284.1757,284.68567,283.85568,283.12567,282.47568,281.7957,281.7657,281.75568,282.34567,282.9557,283.3357,283.5157,283.78568,283.94568,284.07568,284.12567,280.60568,273.69568,276.65567,278.5157,277.9557,279.00568,282.5257,281.32568,279.5457,278.63568,278.32568,283.31567,283.2157,282.5257,281.5857,280.62567,280.2757,279.31567
285.3057,285.12567,285.15567,285.2657,285.12567,285.0557,284.7457,284.43567,284.0557,283.65567,283.1157,283.06567,283.07568,283.09567,282.81567,282.7357,282.8657,282.8357,282.4657,282.8657,283.2457,283.82568,283.91568,283.7657,283.91568,283.9957,283.91568,283.94568,284.1757,283.75568,282.82568,281.8957,281.44568,281.47568,282.0257,282.5857,283.15567,283.66568,283.7457,283.7057,283.8957,284.0557,283.2757,282.5257,273.63568,277.35568,276.8057,277.5857,277.7957,277.7357,281.19568,284.5457,280.12567,277.5457,282.53568,281.97568,281.19568,280.07568,279.50568,278.88568,278.6457
284.59567,284.4557,284.5857,284.65567,284.59567,284.34567,284.2057,283.8657,283.53568,282.9957,282.97568,282.9657,283.0257,283.00568,282.78568,282.66568,282.5257,282.47568,282.38568,282.60568,282.91568,283.0157,283.4257,283.3957,283.44568,283.4257,283.2457,283.3357,283.4257,282.9257,282.34567,281.25568,281.12567,281.43567,282.2057,283.16568,283.44568,283.63568,283.90567,283.69568,283.88568,284.03568,281.72568,284.81567,274.12567,276.87567,278.5457,274.8057,275.28568,279.66568,281.0557,283.9557,282.93567,282.38568,282.1457,280.97568,280.00568,279.3957,278.75568,278.4557,278.7957
284.38568,284.25568,284.2957,284.4657,284.00568,283.6157,283.5457,283.4657,282.9957,282.9257,282.7457,282.59567,282.75568,282.6757,282.63568,282.5857,282.2957,282.2057,282.32568,282.2157,282.2457,282.3057,282.93567,282.93567,282.84567,282.9257,282.8057,282.62567,282.63568,282.2057,281.53568,280.7357,280.8057,281.37567,282.81567,283.5257,283.6457,283.9557,284.37567,283.90567,284.37567,284.2357,278.8357,283.09567,271.4857,276.16568,277.0457,278.53568,279.0457,285.0157,283.2057,282.60568,282.28568,281.7157,281.37567,280.4657,279.60568,278.88568,278.18567,278.4657,278.8357
284.00568,284.15567,284.2757,284.2057,283.53568,283.3357,283.2357,283.07568,282.7457,282.5857,282.4657,282.44568,282.37567,282.3057,282.22568,282.0457,281.7157,281.82568,281.9557,281.93567,281.75568,281.65567,281.3357,282.03568,282.0457,282.16568,282.10568,282.10568,282.1757,281.91568,280.8957,280.6757,280.6457,281.5857,282.91568,282.85568,283.2157,283.06567,283.3357,283.81567,284.0257,283.62567,282.9857,279.0257,274.85568,275.91568,275.18567,281.0557,282.18567,282.75568,280.9257,282.4857,282.16568,281.43567,280.9257,280.2157,279.41568,278.47568,278.69568,278.84567,279.13568
