demo/temp.json
{"header": {"basicAngle":0,"center":7,"discipline":0,"dx":1.0,"dy":1.0,"forecastTime":6,"genProcessType":0,"gribEdition":2,"gribLength":73669,"gridDefinitionTemplate":0,"gridUnits":"degrees","la1":90.0,"la2":-90.0,"lo1":0.0,"lo2":359.0,"numberPoints":65160,"nx":360,"ny":181,"parameterCategory":0,"parameterNumber":0,"parameterUnit":"K","productDefinitionTemplate":0,"productStatus":0,"productType":2,"refTime":"2019-10-16T00:00:00.000Z","resolution":48,"scanMode":0,"shape":6,"significanceOfRT":1,"subcenter":0,"surface1Type":103,"surface1Value":2.0,"surface2Type":255,"surface2Value":0.0}, "data":
[rows 0 to 26 of 181, columns 0 to 60 of 360]
256.2757,256.2757,256.2757,256.2757,256.2757,256.2757,256.2757,256.2757,256.2757,256.2757,256.2757,256.2757,256.2757,256.2757,256.2757,256.2757,256.2757,256.2757,256.2757,256.2757,256.2757,256.2757,256.2757,256.2757,256.2757,256.2757,256.2757,256.2757,256.2757,256.2757,256.2757,256.2757,256.2757,256.2757,256.2757,256.2757,256.2757,256.2757,256.2757,256.2757,256.2757,256.2757,256.2757,256.2757,256.2757,256.2757,256.2757,256.2757,256.2757,256.2757,256.2757,256.2757,256.2757,256.2757,256.2757,256.2757,256.2757,256.2757,256.2757,256.2757,256.2757
255.54568,255.48569,255.38568,255.28569,255.19568,255.10568,255.01569,254.93568,254.84569,254.75568,254.65569,254.56569,254.46568,254.37569,254.28569,254.20569,254.13568,254.09569,254.06569,254.03569,254.00568,253.96568,253.92569,253.88568,253.83568,253.78569,253.77568,253.75568,253.73569,253.71568,253.69568,253.68568,253.67569,253.67569,253.66568,253.66568,253.67569,253.70569,253.73569,253.74568,253.75568,253.74568,253.72568,253.68568,253.63568,253.58568,253.61568,253.68568,253.75568,253.81569,253.87569,253.92569,253.98569,254.02568,254.07568,254.14569,254.21568,254.28569,254.35568,254.41568,254.48569
254.96568,254.86568,254.74568,254.59569,254.44568,254.30568,254.17569,254.08568,254.05568,254.01569,253.98569,253.93568,253.89569,253.85568,253.82568,253.79568,253.78569,253.77568,253.78569,253.78569,253.80568,253.80568,253.80568,253.80568,253.81569,253.81569,253.80568,253.80568,253.79568,253.78569,253.78569,253.77568,253.77568,253.77568,253.76569,253.77568,253.77568,253.76569,253.75568,253.75568,253.74568,253.74568,253.74568,253.75568,253.78569,253.81569,253.84569,253.81569,253.79568,253.78569,253.77568,253.77568,253.77568,253.78569,253.79568,253.79568,253.79568,253.79568,253.78569,253.78569,253.78569
255.91568,256.1157,256.09567,256.0457,256.0157,256.06567,256.1457,256.1757,256.1457,256.12567,256.19568,256.3057,256.3357,256.2157,256.10568,256.07568,256.10568,256.16568,256.25568,256.2657,256.2657,256.2157,256.12567,256.1157,256.2057,256.2657,256.2457,256.19568,256.1157,255.97568,255.83568,255.67569,255.59569,255.55568,255.47568,255.36568,255.24568,255.10568,254.96568,254.83568,254.71568,254.62569,254.57568,254.59569,254.61568,254.59569,254.55568,254.52568,254.55568,254.61568,254.64569,254.62569,254.58568,254.54568,254.56569,254.58568,254.61568,254.60568,254.58568,254.54568,254.53569
256.5257,256.5457,256.56567,256.60568,256.66568,256.66568,256.65567,256.57568,256.47568,256.43567,256.4557,256.4657,256.5157,256.68567,256.84567,256.91568,256.90567,256.93567,256.9957,257.13568,257.34567,257.38568,257.41568,257.6457,257.63568,257.5857,257.50568,257.43567,257.4257,257.40567,257.40567,257.4957,257.59567,257.57568,257.4957,257.43567,257.3657,257.34567,257.4257,257.50568,257.5457,257.4957,257.34567,257.10568,256.88568,256.7357,256.7157,256.72568,256.5857,256.3957,256.25568,256.15567,255.99568,255.93568,255.89569,255.84569,255.82568,255.80568,255.74568,255.67569,255.57568
256.3657,256.85568,257.12567,257.34567,257.3657,257.53568,257.68567,257.68567,257.9257,258.2457,258.50568,258.69568,258.93567,259.2457,259.44568,259.5857,259.93567,260.22568,260.12567,260.3357,260.4857,260.44568,260.43567,260.41568,260.2957,260.0857,259.84567,259.7957,259.7357,259.5857,259.5257,259.4257,259.25568,258.9857,258.75568,258.65567,258.65567,258.62567,258.56567,258.4957,258.32568,258.15567,258.0557,258.10568,258.2157,258.2157,258.31567,258.31567,258.28568,258.3957,258.47568,258.2957,257.93567,257.57568,257.40567,257.1757,257.1157,257.25568,257.47568,257.2157,256.91568
256.8057,256.87567,256.97568,257.13568,257.35568,257.63568,257.94568,258.2657,258.6157,259.0557,259.38568,259.6157,259.87567,260.1457,260.40567,260.75568,260.9957,261.10568,261.22568,261.3957,261.47568,261.6457,261.88568,262.09567,262.31567,262.7157,263.5557,264.4657,265.41568,265.9557,265.94568,265.9957,265.6757,265.1757,264.5257,263.8357,263.3657,262.8057,262.3657,261.84567,261.31567,260.88568,260.4957,260.25568,260.2057,260.03568,259.91568,260.0257,260.3057,260.35568,260.2657,259.91568,259.43567,259.2957,259.0857,258.53568,258.2657,257.94568,257.53568,257.59567,257.34567
256.6757,257.1757,257.8357,258.4557,258.91568,259.3657,259.7757,260.07568,260.38568,260.6457,260.78568,261.06567,261.13568,261.3657,261.68567,261.9557,262.4957,263.4857,263.35568,263.4657,263.7157,263.9257,264.10568,264.32568,264.50568,264.82568,265.25568,265.7457,266.2357,266.8357,267.3957,267.81567,268.4957,268.9557,268.90567,268.75568,268.6157,268.7157,268.5257,268.59567,267.91568,267.41568,266.88568,265.9257,265.2657,264.59567,264.13568,263.4257,262.85568,262.4857,262.1457,261.82568,261.44568,260.94568,260.2657,259.84567,259.82568,260.12567,260.4957,260.7957,260.0557
259.7757,260.2157,260.47568,260.7657,261.1757,261.50568,261.69568,261.9857,262.4257,262.8957,263.4657,264.06567,264.65567,265.32568,265.9257,266.9557,267.65567,268.2157,268.5457,268.7957,269.2757,269.69568,270.13568,270.60568,270.78568,270.8657,271.00568,270.9957,270.5457,270.19568,270.22568,269.62567,269.28568,269.5157,269.44568,269.34567,269.15567,268.7657,268.87567,268.82568,268.90567,268.90567,268.8057,268.8357,268.90567,268.88568,268.8957,268.56567,267.8357,267.06567,266.34567,265.8357,265.5557,265.8357,266.2957,266.34567,266.3657,266.85568,267.6157,268.32568,268.0857
261.5157,262.1757,262.60568,263.1157,263.7357,264.69568,265.88568,267.4957,268.3957,269.40567,269.63568,270.22568,272.0557,273.5157,273.7057,273.8357,274.4857,274.4257,273.75568,273.4257,273.19568,272.25568,271.0857,270.44568,270.5557,270.9557,270.75568,269.7657,269.1757,268.60568,268.44568,268.6157,268.5557,268.78568,268.35568,267.87567,267.90567,268.31567,268.47568,268.7157,268.84567,269.19568,269.57568,269.97568,270.72568,270.88568,270.97568,271.0457,271.03568,270.94568,270.56567,270.66568,270.6157,270.62567,270.41568,267.66568,269.15567,268.7357,264.75568,267.88568,269.44568
263.41568,264.3957,265.4557,266.44568,267.7757,268.8657,269.87567,273.40567,275.06567,275.7057,276.03568,275.32568,273.7057,274.87567,274.63568,273.53568,269.57568,271.12567,269.0257,264.2657,263.6157,263.4957,262.8357,262.34567,264.00568,263.37567,263.8957,268.0557,269.53568,270.2957,270.6757,270.8657,270.12567,270.53568,270.75568,271.18567,271.19568,271.1457,271.0857,271.0257,270.9557,271.15567,271.32568,271.43567,271.43567,271.31567,271.2057,271.1457,271.07568,271.00568,271.03568,271.0457,271.06567,271.0257,270.9657,270.8957,270.7057,269.87567,270.38568,270.6757,270.7357
266.4857,267.81567,269.41568,270.5557,272.32568,272.22568,274.09567,275.4257,276.1457,275.85568,275.0857,273.3957,269.44568,262.16568,261.00568,261.78568,261.13568,260.44568,260.40567,262.37567,265.7757,268.0857,267.53568,267.7757,268.3957,269.5157,270.53568,271.19568,271.4957,271.72568,271.62567,272.00568,272.28568,272.47568,272.4857,272.4957,272.4257,272.35568,272.3057,272.3657,272.47568,272.60568,272.7357,272.88568,272.9557,272.7057,272.25568,272.3957,272.35568,272.10568,271.88568,271.68567,271.44568,271.25568,271.10568,270.93567,270.8357,270.82568,270.8057,270.69568,270.66568
270.5257,271.5457,272.0457,272.50568,273.32568,273.4557,273.8957,274.63568,275.7357,275.5857,275.3957,275.0857,274.3357,273.0557,267.60568,264.31567,261.57568,260.5157,261.44568,268.0557,270.44568,269.87567,266.6457,267.41568,270.2157,270.9957,271.88568,272.5457,272.8357,272.82568,273.09567,273.2157,273.16568,273.0557,272.94568,272.9257,272.88568,272.88568,272.85568,272.81567,272.5557,272.4257,272.38568,272.4857,272.57568,272.60568,272.19568,271.93567,271.9257,271.85568,271.7457,271.85568,272.0457,271.9257,271.7957,271.7457,271.63568,271.2957,271.18567,271.13568,271.15567
272.84567,273.32568,273.41568,273.72568,274.09567,274.8057,275.31567,274.66568,275.72568,275.53568,275.28568,275.0457,274.4857,273.3657,271.85568,270.7157,265.32568,264.6157,270.4957,271.8657,272.35568,272.8657,272.57568,272.81567,272.9657,273.44568,273.38568,273.47568,273.5157,273.56567,273.5457,273.4257,272.9857,273.3957,273.2357,273.3657,273.2157,273.03568,272.8357,272.69568,272.50568,272.37567,272.3357,272.35568,272.34567,272.32568,272.25568,272.22568,272.0157,271.90567,271.88568,271.87567,271.8957,271.8657,271.8357,271.81567,271.68567,271.50568,271.40567,271.53568,271.7157
273.87567,274.25568,274.66568,274.87567,275.1757,275.7457,275.8057,275.40567,275.47568,275.4257,275.4257,274.85568,274.6757,274.6757,274.5857,273.4557,273.6757,273.59567,273.93567,275.2157,275.41568,275.25568,274.82568,274.03568,273.53568,273.5857,273.62567,273.75568,274.2457,274.32568,274.15567,274.8657,275.2457,274.7057,274.4957,274.2757,273.9557,273.7457,273.4857,273.13568,272.9657,273.1157,272.8957,272.63568,272.75568,272.4257,272.19568,272.1157,272.07568,271.9957,271.9257,271.93567,272.00568,271.90567,271.88568,271.9657,271.93567,272.0257,272.06567,272.00568,271.5257
274.5257,274.5557,274.87567,275.7657,276.5557,276.5457,276.22568,276.0857,276.4657,275.2757,275.25568,274.93567,274.82568,274.7457,275.0457,275.0457,274.3657,275.63568,275.60568,275.4957,275.43567,275.3957,275.44568,275.3657,275.4257,275.57568,275.68567,275.7657,275.65567,275.6157,274.8957,274.88568,275.03568,275.5457,275.50568,275.57568,275.2057,274.8957,274.53568,274.34567,274.43567,274.35568,274.09567,273.75568,273.7057,273.6157,273.38568,272.94568,272.53568,272.62567,272.28568,272.0857,271.91568,272.0557,271.9957,271.8657,268.7357,262.69568,259.62567,260.7757,262.38568
275.4257,276.53568,276.81567,275.93567,276.1457,277.1457,276.47568,276.5257,276.3957,276.0557,275.62567,275.37567,275.38568,275.18567,275.3357,275.50568,275.7157,275.85568,275.4957,275.4557,275.62567,276.0457,276.3057,276.7057,276.81567,276.97568,277.03568,277.3057,277.2157,277.1457,276.9257,276.8957,276.88568,276.5257,276.3057,276.09567,276.2757,276.09567,275.85568,275.8057,275.7757,275.65567,275.57568,275.12567,274.6757,274.38568,273.94568,273.50568,273.0557,272.9257,272.82568,272.7457,272.6457,272.0857,270.85568,263.06567,259.8657,260.2957,266.3657,269.3357,270.63568
276.5557,277.0157,277.59567,277.75568,278.03568,277.0257,277.00568,276.82568,277.0557,276.4657,275.8357,275.72568,275.84567,275.9657,275.9257,276.09567,276.16568,276.0857,276.19568,276.31567,276.5157,276.7357,276.69568,276.94568,276.90567,276.82568,276.7757,276.93567,277.2757,277.2957,277.2957,277.0457,276.90567,276.72568,276.57568,276.4257,276.35568,276.25568,276.15567,275.93567,275.7757,275.50568,275.38568,275.15567,274.9257,274.43567,273.8357,274.44568,274.43567,274.0557,273.9957,273.60568,273.2657,270.22568,261.9657,262.5857,265.09567,270.15567,271.13568,271.7957,272.1457
277.8057,278.4957,278.75568,278.19568,278.2057,277.69568,277.03568,277.4557,277.5457,276.7457,276.4657,276.53568,276.7757,276.90567,276.8957,277.0257,277.18567,277.41568,277.6457,277.4857,276.9557,276.9557,277.15567,276.93567,276.9557,276.9257,276.8957,276.7057,276.60568,276.72568,276.81567,276.9557,277.1157,277.16568,276.8657,276.1457,276.3957,276.3057,276.2957,276.2057,276.00568,275.50568,275.4657,274.81567,274.2957,273.9257,273.6757,273.3357,273.03568,272.66568,272.34567,271.8357,267.82568,263.18567,262.0157,264.56567,271.18567,272.2657,272.28568,272.35568,272.3957
278.07568,278.2157,278.4557,277.9857,277.65567,277.57568,277.3957,277.5857,277.5857,277.3357,277.2057,277.18567,277.2457,277.3357,277.6757,277.81567,277.7657,277.81567,277.7657,277.44568,277.09567,277.43567,277.38568,276.7957,276.18567,272.7157,275.50568,274.9257,272.28568,275.7357,275.8957,276.1757,276.2757,276.4957,276.7157,276.75568,276.7657,276.8357,276.8657,276.62567,276.50568,276.07568,275.5557,275.2357,274.8657,274.1457,273.4657,273.07568,272.9557,272.85568,272.7957,272.56567,272.18567,271.5557,269.0557,268.40567,269.35568,272.4957,272.4657,272.50568,272.5457
278.3057,278.09567,277.9557,277.93567,277.90567,277.6157,277.7157,278.12567,278.2057,278.15567,278.0857,278.12567,278.1457,278.09567,278.13568,278.15567,277.69568,277.44568,277.57568,274.2657,276.25568,276.00568,271.5857,270.22568,267.40567,268.13568,266.41568,268.44568,268.59567,270.2357,274.78568,274.8357,275.03568,275.2657,275.7057,275.1457,275.2357,276.2357,276.75568,276.93567,276.97568,276.9657,276.4857,275.28568,275.3357,275.22568,274.7157,274.28568,273.9857,273.65567,273.38568,273.43567,273.34567,273.43567,273.35568,273.3957,273.2457,273.2457,273.1757,272.03568,272.43567
278.59567,278.66568,278.4657,278.38568,278.3657,278.47568,278.4957,278.56567,278.4557,278.41568,278.5457,278.56567,278.50568,278.4257,278.4857,278.3357,277.4257,277.81567,269.38568,268.68567,264.63568,264.44568,263.5557,265.09567,264.68567,263.7757,264.8657,268.18567,272.35568,269.91568,269.78568,269.6157,270.78568,271.5557,270.91568,271.34567,271.7357,273.69568,275.41568,275.9957,276.31567,276.63568,276.5857,276.2357,275.75568,275.19568,275.3357,274.7757,273.7457,272.5257,274.2357,274.63568,274.3357,274.0157,273.6457,273.50568,273.3957,273.0457,273.07568,272.94568,272.7657
278.5857,278.62567,278.7157,278.7157,278.84567,278.84567,278.8957,278.3057,278.5257,278.5857,278.4557,278.85568,279.16568,279.0557,279.2657,278.72568,271.2157,264.19568,263.22568,263.6157,262.6457,264.4857,266.0857,266.9657,266.41568,267.5557,267.82568,269.4657,272.59567,271.1157,270.90567,270.4557,269.31567,270.59567,270.53568,271.15567,272.7457,271.94568,271.15567,271.59567,272.9957,275.3357,276.34567,276.82568,275.82568,273.13568,273.1457,275.43567,275.6457,274.88568,273.69568,272.97568,272.9657,273.13568,272.9657,272.2057,271.5457,271.5457,271.18567,270.5257,270.87567
279.25568,279.2357,279.19568,279.13568,279.09567,279.0857,279.09567,279.07568,279.2457,279.3957,279.68567,279.9557,280.2057,279.7057,274.12567,269.2157,265.62567,264.63568,264.9557,267.10568,266.72568,266.85568,268.18567,268.8957,269.57568,270.35568,272.5257,273.6757,273.78568,271.97568,270.9257,271.3657,271.7057,272.8357,272.5557,272.59567,273.43567,273.16568,272.9557,272.19568,272.1757,272.62567,275.6757,276.59567,276.7457,274.3057,276.0457,276.6457,274.6157,273.19568,274.0257,273.32568,273.63568,273.60568,272.82568,272.3057,272.0157,271.4857,270.8957,270.5457,270.2057
279.9557,280.0457,279.93567,279.8657,279.87567,279.8957,279.9257,280.0457,280.19568,280.3657,280.18567,280.03568,279.5157,271.62567,267.72568,265.0857,264.18567,264.8057,269.85568,267.4957,268.0457,268.44568,269.2957,269.88568,270.5857,271.40567,274.60568,274.47568,273.9857,273.69568,273.32568,273.63568,273.0857,273.3057,273.41568,274.7157,275.78568,276.25568,275.7957,275.6157,275.7957,275.93567,273.7957,273.7757,273.53568,274.7057,273.4557,273.44568,273.38568,273.43567,273.94568,274.18567,274.00568,273.35568,273.13568,273.07568,272.59567,272.7657,272.16568,271.2657,270.75568
280.44568,280.4957,280.50568,280.53568,280.59567,280.69568,280.7457,280.78568,280.91568,281.09567,281.0257,280.50568,272.9657,271.10568,269.91568,269.1157,269.40567,267.75568,268.06567,268.7757,269.0157,270.32568,275.8057,277.16568,278.2457,277.82568,275.37567,275.15567,274.8357,274.06567,272.9957,272.8957,272.8657,272.7757,273.35568,274.8657,276.00568,274.35568,275.8957,275.7757,276.43567,274.0157,273.4657,273.63568,273.50568,273.4857,274.18567,272.94568,272.81567,273.00568,273.35568,273.5557,273.44568,273.6157,273.65567,273.4557,273.62567,273.37567,273.19568,269.9557,266.3057
281.1157,281.2957,281.50568,281.6757,281.8657,282.0457,282.0557,282.06567,282.0557,281.9857,279.97568,273.53568,273.15567,271.7057,271.9257,271.5457,272.4857,272.5157,271.6157,271.81567,273.3957,277.10568,278.3657,277.4857,275.5457,274.75568,274.06567,274.1757,273.93567,273.5257,273.56567,272.5157,272.34567,272.4257,272.7357,273.12567,273.65567,275.16568,275.84567,273.63568,274.3357,273.7957,274.03568,274.1757,273.7657,273.3657,272.9957,273.31567,273.22568,274.00568,274.03568,274.4857,273.85568,273.44568,273.7757,273.5857,273.94568,274.7757,273.2457,272.2957,273.72568
