demo/temp.json
{"header": {"basicAngle":0,"center":7,"discipline":0,"dx":1.0,"dy":1.0,"forecastTime":6,"genProcessType":0,"gribEdition":2,"gribLength":73669,"gridDefinitionTemplate":0,"gridUnits":"degrees","la1":90.0,"la2":-90.0,"lo1":0.0,"lo2":359.0,"numberPoints":65160,"nx":360,"ny":181,"parameterCategory":0,"parameterNumber":0,"parameterUnit":"K","productDefinitionTemplate":0,"productStatus":0,"productType":2,"refTime":"2019-10-16T00:00:00.000Z","resolution":48,"scanMode":0,"shape":6,"significanceOfRT":1,"subcenter":0,"surface1Type":103,"surface1Value":2.0,"surface2Type":255,"surface2Value":0.0}, "data":
[rows 135 to 161 of 181, columns 244 to 304 of 360]
283.2357,283.38568,283.43567,283.41568,282.7657,282.8057,282.90567,282.69568,282.6457,282.5157,282.32568,282.2357,282.2057,282.00568,281.7057,281.4257,281.22568,281.1157,281.0457,281.0857,281.0257,280.91568,280.94568,280.88568,281.22568,281.2657,281.3357,281.72568,282.0257,281.56567,280.4557,280.4557,280.22568,281.4857,282.16568,282.6757,282.8957,282.87567,282.91568,283.2957,283.35568,283.40567,279.85568,276.81567,275.22568,278.0157,280.7957,281.43567,280.0557,280.66568,282.63568,282.13568,281.50568,281.0557,280.63568,280.0557,279.16568,278.4957,278.88568,279.3957,279.56567
282.88568,282.6457,282.56567,282.3057,282.22568,282.31567,282.3057,282.2357,282.13568,282.1757,282.06567,281.9257,281.90567,281.66568,281.3657,280.97568,280.7357,280.62567,280.5157,280.4257,280.5557,280.69568,280.44568,280.31567,280.3057,280.60568,280.7457,281.07568,281.57568,281.12567,280.10568,279.87567,279.93567,281.03568,281.93567,282.4257,282.7757,283.0257,282.87567,282.94568,283.16568,281.65567,279.75568,274.94568,273.3957,278.19568,280.65567,281.41568,281.40567,282.9957,282.3957,281.7057,281.2357,280.7657,280.32568,279.7657,279.0457,278.66568,278.8957,279.5157,279.78568
281.9557,281.9257,281.91568,281.7757,281.8657,282.0157,281.94568,281.8357,281.81567,281.8057,281.7157,281.53568,281.44568,281.18567,280.88568,280.7057,280.50568,280.38568,280.32568,280.2057,280.12567,280.2057,280.2757,279.7957,279.5157,279.88568,280.2457,280.6157,280.90567,280.6457,279.90567,279.4657,279.50568,280.4957,281.2457,282.32568,282.78568,282.82568,282.6157,282.9257,283.68567,283.5157,281.15567,274.91568,270.9257,274.9557,278.9857,279.34567,281.43567,280.18567,281.4257,280.8657,280.65567,280.2657,279.69568,279.2457,278.94568,278.6157,278.5457,278.7057,279.13568
280.9957,280.9857,281.1157,281.22568,281.40567,281.53568,281.63568,281.69568,281.63568,281.38568,281.13568,281.0457,281.0557,280.84567,280.62567,280.53568,280.5857,280.5157,280.1757,279.91568,279.91568,279.8357,279.9557,279.3057,279.1757,279.5557,279.72568,280.13568,280.2657,279.9957,279.5557,279.2957,279.16568,279.84567,280.5457,281.93567,282.4957,282.88568,282.7757,282.8957,283.2757,281.09567,280.69568,273.90567,275.15567,278.87567,279.12567,278.8057,281.4257,280.66568,280.68567,280.41568,280.34567,279.9557,279.53568,279.31567,279.0857,278.7157,278.2657,277.93567,278.0457
280.2057,280.56567,280.7657,280.75568,280.8357,281.10568,281.1457,281.18567,281.16568,280.91568,280.63568,280.7057,280.85568,280.7057,280.5257,280.3357,280.2457,279.90567,279.5257,279.4257,279.37567,279.5557,279.4557,279.37567,279.2757,279.34567,279.63568,279.63568,279.93567,279.44568,279.03568,278.7957,278.7657,279.0857,279.87567,280.66568,281.40567,281.97568,282.4257,282.7957,283.0557,280.4957,274.7657,273.06567,276.32568,280.7757,281.06567,281.7357,281.2057,281.13568,280.7957,280.2957,279.8657,279.72568,279.5157,279.35568,279.15567,278.97568,278.7957,278.4657,278.1457
279.2657,279.37567,279.56567,279.9557,280.16568,280.53568,280.37567,280.8357,280.7157,280.4657,280.2157,280.2757,280.3057,280.22568,280.1457,279.94568,279.57568,279.2057,278.9557,278.8957,278.9957,279.3057,278.94568,278.9657,279.2657,279.56567,279.4257,279.37567,279.38568,278.90567,278.5857,278.3057,278.3357,278.38568,278.82568,279.3057,279.93567,280.7657,281.4657,281.94568,282.7957,282.15567,278.91568,271.57568,280.2757,278.93567,281.8357,282.9857,282.03568,281.00568,280.8657,280.1757,279.8057,279.7657,279.6757,279.5857,279.47568,279.15567,278.88568,278.7357,278.34567
278.69568,278.75568,278.9857,279.18567,279.4557,279.57568,279.65567,279.8657,279.8057,279.9657,279.7757,279.8957,280.0157,279.7757,279.5857,279.38568,279.1457,278.9257,278.66568,278.5257,278.4957,278.68567,278.66568,278.7957,279.22568,279.41568,279.2457,279.2357,278.7057,278.2457,277.88568,278.22568,278.0457,277.9557,277.69568,277.91568,278.4657,279.25568,280.15567,281.0257,281.91568,281.1757,279.2457,274.90567,279.0857,281.8057,281.69568,282.2157,281.87567,281.43567,280.97568,280.53568,280.3357,280.2457,280.12567,279.7357,279.50568,279.1757,278.82568,278.4857,277.9557
277.93567,278.1157,278.4257,278.65567,278.7657,278.9257,278.88568,278.9957,279.1457,279.2057,279.31567,279.22568,279.66568,279.66568,279.34567,279.0857,278.91568,278.8657,278.62567,278.3657,278.18567,278.3657,278.3657,278.7457,278.94568,278.90567,278.7457,278.4257,278.06567,277.91568,278.10568,277.91568,277.78568,277.63568,277.44568,277.8957,277.78568,278.2457,278.7957,279.38568,280.2457,280.68567,279.93567,275.91568,277.0557,279.07568,278.91568,279.0857,280.7757,280.8357,280.82568,280.56567,280.09567,279.7957,279.6457,278.43567,277.4857,276.32568,278.2357,277.7657,277.5857
276.90567,277.2157,277.4857,277.50568,277.68567,277.9657,278.22568,278.41568,278.6457,278.7757,278.97568,279.16568,279.12567,279.41568,279.35568,279.0857,278.7757,278.6457,278.44568,278.16568,277.8957,277.93567,277.7357,278.25568,278.4257,278.2457,277.97568,277.7657,277.66568,277.7057,277.6457,277.4857,277.3357,277.3357,277.4657,277.4857,277.57568,277.62567,277.9857,278.93567,279.8357,281.5257,279.68567,275.2657,273.8357,277.2657,277.91568,276.7657,279.1157,279.34567,279.44568,279.3957,279.18567,279.0257,279.0157,278.82568,278.1457,277.7057,277.0857,276.6757,276.37567
276.2357,276.2157,276.34567,276.5857,276.7757,276.82568,277.28568,277.7057,278.1457,278.44568,278.6157,278.7357,278.9257,278.84567,279.15567,279.0257,278.7157,278.44568,278.2057,277.94568,277.72568,277.7157,277.41568,277.7957,277.7457,277.6757,277.5457,277.5157,277.60568,277.40567,277.2957,277.2957,277.43567,277.3957,277.18567,277.15567,277.1157,276.75568,276.8057,277.4557,278.4957,280.1757,281.2157,280.59567,275.9557,279.32568,276.3057,273.88568,274.62567,278.22568,278.81567,278.7957,278.69568,278.50568,278.10568,277.5257,277.0857,276.7457,276.47568,276.4557,276.31567
275.6457,275.90567,276.1757,276.0557,275.97568,276.34567,276.8057,277.25568,277.47568,278.0557,278.38568,278.5457,278.68567,278.4557,278.7757,278.85568,278.56567,278.2057,278.1757,277.9557,277.62567,277.63568,277.4657,277.68567,277.62567,277.4557,277.4557,277.40567,277.5157,277.2957,277.16568,277.12567,277.40567,277.3057,277.10568,276.9257,276.57568,276.4557,276.5257,276.50568,276.90567,277.56567,278.7157,279.8657,280.57568,278.9257,277.37567,274.37567,272.59567,275.2457,275.91568,278.84567,278.84567,278.2357,277.63568,277.2657,277.1157,276.9557,276.8057,276.63568,276.63568
274.44568,274.0557,274.28568,274.8057,275.66568,276.0857,276.37567,276.57568,276.9657,277.40567,277.9857,278.31567,278.56567,278.65567,278.12567,278.62567,278.3657,278.32568,278.10568,277.90567,277.7057,277.7057,277.7657,277.5457,277.6457,277.44568,277.3657,277.37567,277.3657,277.2757,277.06567,277.28568,277.3657,277.3057,277.25568,277.16568,276.91568,276.4857,276.0557,275.9657,276.47568,276.72568,277.00568,277.22568,277.6157,278.1157,278.4857,278.4857,278.6157,278.7157,278.07568,277.50568,277.15567,276.9257,277.00568,276.65567,276.3957,276.28568,276.28568,276.18567,276.07568
275.43567,275.5157,275.5257,274.65567,274.57568,276.0257,276.65567,276.9257,275.5157,276.97568,277.3357,277.66568,277.9857,277.7157,275.88568,278.4857,278.3657,278.40567,278.3057,277.94568,277.6757,277.4857,277.41568,277.16568,277.4557,277.34567,277.22568,277.3357,277.2957,277.34567,277.15567,277.13568,277.2657,277.2457,277.10568,277.0857,277.0257,276.9957,276.5257,276.2057,276.28568,276.57568,276.41568,276.43567,276.5257,276.6157,276.7757,277.0857,277.2357,277.1157,276.97568,276.75568,276.4257,276.44568,276.40567,276.37567,275.9857,275.4957,274.93567,274.3057,274.00568
274.5257,274.5457,274.5857,274.53568,274.2357,275.5157,273.97568,274.37567,276.0457,276.9257,277.0557,277.25568,277.50568,276.56567,276.8357,274.90567,277.84567,277.81567,278.06567,277.87567,277.41568,277.1757,277.0557,277.00568,276.93567,277.0457,276.9857,277.2157,277.13568,277.13568,276.8957,276.90567,276.9557,277.0557,276.81567,276.7357,276.75568,276.68567,276.5557,276.7057,276.19568,276.3957,276.56567,276.50568,276.4957,276.47568,276.4557,276.3957,276.35568,276.53568,276.5557,276.3657,276.1757,276.13568,276.00568,275.5157,274.78568,274.13568,273.4657,273.0157,272.9557
273.47568,273.38568,273.4857,273.75568,273.88568,273.16568,273.81567,274.7357,276.41568,276.7757,276.93567,276.9957,276.97568,277.07568,277.1457,277.13568,276.2757,277.43567,277.5157,277.5557,277.34567,277.1457,277.0857,276.87567,276.68567,276.63568,276.7957,276.97568,277.2057,277.1457,276.93567,276.85568,276.87567,276.8357,276.6457,276.62567,276.75568,276.56567,276.5457,276.31567,276.2357,275.9657,276.16568,276.4657,276.50568,276.41568,276.41568,276.09567,275.91568,275.84567,275.8657,275.4957,274.75568,274.1157,273.5457,273.41568,273.4257,272.93567,272.72568,272.8057,272.72568
272.87567,272.8057,272.84567,272.7957,273.0857,273.4957,273.68567,272.62567,273.0457,273.43567,274.6457,275.13568,275.43567,275.4957,275.47568,276.19568,276.50568,276.7657,277.13568,277.15567,276.9957,276.85568,276.7057,276.7757,276.5457,276.44568,276.43567,276.72568,276.78568,276.90567,276.7957,276.60568,276.53568,276.68567,276.8057,276.7457,276.62567,276.44568,276.2757,276.06567,275.84567,275.94568,276.2457,276.28568,276.13568,275.72568,275.62567,275.4657,275.25568,275.13568,274.81567,274.13568,273.56567,273.22568,273.06567,273.0557,273.06567,273.03568,272.9657,272.7357,272.7357
272.5157,272.44568,272.44568,272.5157,272.53568,272.75568,272.93567,273.16568,273.40567,273.57568,272.82568,273.1157,274.0557,274.5557,274.56567,274.6457,274.10568,275.69568,276.6457,276.66568,276.5557,276.3057,275.8057,276.3957,276.4557,276.37567,276.37567,276.43567,276.5857,276.38568,276.40567,276.09567,276.09567,276.1457,276.28568,276.2957,276.13568,276.0157,275.9257,275.66568,275.6157,275.7357,275.91568,276.0257,275.65567,275.19568,274.9257,274.72568,274.31567,274.16568,273.97568,273.63568,273.60568,273.4257,273.3357,273.4857,273.37567,273.34567,273.07568,272.82568,272.9557
271.7457,272.19568,272.44568,272.3957,272.31567,272.3657,272.37567,272.4857,272.63568,272.85568,273.07568,273.16568,273.18567,273.32568,273.5457,273.4557,274.0157,274.4957,275.2657,275.50568,275.7957,275.5557,275.56567,275.4557,275.66568,275.7157,275.7357,275.82568,276.0857,275.7157,276.06567,275.8957,275.7957,275.7657,275.81567,275.8057,275.7157,275.88568,275.88568,275.78568,275.6757,275.59567,275.6157,275.60568,275.47568,275.12567,274.60568,274.06567,273.6757,273.56567,273.44568,273.5457,273.28568,273.3057,273.63568,273.41568,272.9657,273.15567,274.22568,272.5857,271.75568
271.09567,271.44568,271.9657,272.0457,272.1157,272.0257,272.10568,272.13568,272.15567,272.34567,272.56567,272.85568,273.07568,273.16568,273.2057,272.94568,273.15567,274.3057,274.5457,274.69568,275.0857,275.16568,275.10568,275.0557,274.85568,274.7957,274.85568,274.9557,275.07568,275.2657,275.3957,275.34567,275.34567,275.28568,275.0557,274.8957,274.7957,274.8357,275.00568,274.8357,274.59567,274.53568,274.37567,274.1457,274.0257,273.7657,273.5157,273.25568,273.4257,273.57568,273.7757,273.94568,274.0157,273.9857,273.59567,273.0857,272.9857,273.7057,273.37567,272.81567,273.19568
270.37567,270.75568,271.25568,271.4957,271.4657,271.5257,271.4857,271.65567,271.8057,271.90567,272.18567,272.44568,272.5557,272.5157,272.5157,272.50568,272.68567,273.5557,273.7157,273.9657,273.93567,274.4657,274.66568,274.7957,274.69568,274.60568,274.4957,274.5257,274.7057,274.75568,274.7957,274.75568,274.72568,274.44568,274.41568,274.09567,273.93567,273.9657,273.8357,274.0157,273.85568,273.75568,273.93567,273.41568,273.75568,273.5157,273.3357,273.7957,274.00568,273.93567,274.0257,273.90567,273.40567,273.06567,272.1757,271.78568,268.4257,271.5157,271.28568,271.5257,269.09567
269.7657,270.1457,270.6457,270.91568,270.9857,271.13568,271.15567,271.3657,271.3357,271.53568,271.87567,272.15567,272.19568,272.18567,272.22568,272.06567,272.2957,272.94568,273.10568,273.32568,273.34567,272.9857,273.6457,273.94568,274.2657,274.2057,274.16568,274.03568,274.06567,274.15567,274.18567,274.4557,274.41568,274.4257,274.4557,274.40567,274.50568,274.50568,274.4857,274.1457,273.82568,273.9257,273.91568,273.69568,273.87567,274.00568,274.09567,274.09567,274.09567,274.1157,274.06567,273.91568,273.3957,270.69568,270.40567,273.12567,274.2457,275.0857,274.0557,271.68567,270.69568
268.94568,269.41568,269.56567,269.7757,270.03568,270.3057,270.60568,270.35568,271.1157,271.34567,271.7957,271.8357,271.7357,271.7757,271.88568,271.66568,272.22568,272.75568,272.6757,272.7457,272.7157,272.7057,272.94568,272.9857,273.5857,274.1157,274.3657,274.18567,274.0157,273.94568,274.2357,274.53568,274.7457,274.9557,274.7357,274.7457,274.56567,274.62567,274.50568,274.3357,274.22568,274.2057,274.2457,274.43567,274.32568,274.1457,274.03568,274.0257,273.9657,273.7357,273.4557,270.8057,267.7657,275.40567,273.9657,273.13568,275.1757,275.06567,275.1457,274.1457,271.59567
264.25568,265.88568,266.9657,266.5457,267.3957,268.0557,268.93567,270.06567,270.18567,270.75568,270.93567,271.2057,271.35568,271.22568,271.62567,272.1757,272.41568,272.59567,272.7957,272.93567,272.68567,272.97568,272.9557,273.18567,273.7357,273.8057,273.9257,274.16568,274.13568,274.16568,274.5457,274.69568,274.84567,274.93567,274.9657,274.9657,274.85568,274.75568,274.7357,274.7157,274.5457,274.50568,274.38568,274.32568,274.2657,274.2057,274.13568,273.8357,271.1157,272.35568,264.7457,273.78568,274.19568,273.19568,275.8057,271.85568,273.56567,273.0157,272.7357,271.9557,271.31567
263.7657,263.59567,264.0257,264.8357,266.7157,268.15567,268.4657,269.4557,270.2157,270.5857,270.5857,270.8357,270.94568,271.94568,272.2057,272.3657,272.4857,272.63568,272.81567,273.07568,273.07568,273.34567,273.4557,273.75568,273.78568,273.6757,273.88568,273.9257,274.2057,274.41568,274.3957,274.57568,274.7657,274.78568,274.82568,274.8657,274.84567,274.87567,274.8057,274.7157,274.5157,274.4557,274.3957,274.37567,274.4557,274.3357,274.38568,274.53568,273.37567,269.40567,268.2157,269.87567,271.8057,270.63568,271.12567,271.62567,271.4257,271.87567,271.18567,271.43567,270.1457
263.2357,264.85568,266.4657,267.75568,267.66568,269.09567,269.5857,269.5857,269.22568,269.2457,270.0457,272.2457,272.3657,272.2057,272.5157,272.82568,272.0157,272.8657,273.1157,273.18567,273.6757,273.72568,273.72568,273.82568,273.69568,273.7457,273.88568,274.09567,274.2457,274.2657,274.47568,274.68567,274.78568,274.8357,274.8657,274.82568,274.7357,274.7057,274.65567,274.63568,274.60568,274.5257,274.3957,274.0257,272.40567,269.5557,273.7157,274.2757,273.4957,272.35568,266.0157,265.31567,267.15567,268.18567,269.69568,269.10568,270.15567,270.2457,269.97568,268.7957,266.4957
266.37567,267.2057,265.3357,266.47568,268.16568,268.63568,268.5557,268.34567,268.16568,268.5157,270.28568,273.0557,273.1157,272.85568,272.81567,272.75568,272.90567,273.2457,273.3357,273.2457,273.2357,273.5157,273.5157,273.31567,273.7057,273.8057,273.88568,274.0857,274.34567,274.44568,274.56567,274.60568,274.5857,274.59567,274.59567,274.5157,274.50568,274.4857,274.50568,274.4657,274.07568,274.03568,274.43567,274.2357,274.09567,273.28568,271.7957,270.8357,269.72568,265.0457,261.5157,259.07568,260.75568,267.5557,258.5257,258.4557,264.62567,266.43567,263.8357,260.78568,257.3357
264.1157,265.65567,266.62567,267.8657,268.15567,268.34567,268.15567,267.90567,267.97568,268.0157,268.84567,269.9857,271.0157,272.57568,273.18567,273.2157,273.2957,273.3357,273.37567,273.3657,273.60568,273.75568,273.7657,273.8657,273.9657,274.1157,274.13568,274.18567,274.10568,274.06567,273.88568,273.91568,273.9957,274.12567,274.15567,274.1457,274.09567,274.13568,274.12567,273.9257,272.57568,272.84567,272.91568,272.7957,272.9557,271.5557,270.6157,266.78568,269.85568,269.2657,264.47568,262.4257,260.2057,262.5157,264.3957,258.19568,259.0457,258.7457,255.85568,254.85568,251.93568
